 Data
  ====
  centrality bin 0-20%
    p_T          y   dy_stat   dy_syst
  0.50  18.384316  4.162295  4.963615
  0.70   3.863694  0.908128  1.412782
  0.90   1.531712  0.313389  0.499280
  1.10   0.500764  0.119182  0.184227
  1.30   0.248402  0.053970  0.077102
  1.50   0.105543  0.025248  0.032901
  1.70   0.071944  0.014094  0.016161
  1.90   0.028950  0.007115  0.007324
  2.25   0.007928  0.001929  0.002126
  3.00   0.001125  0.000274  0.000242
  4.25   0.000025  0.000033  0.000012
  ---------------------------------------------
  centrality bin 20-40%
    p_T         y   dy_stat   dy_syst
  0.50  5.954453  1.590491  2.116200
  0.70  0.906468  0.350932  0.588297
  0.90  0.396036  0.121966  0.209478
  1.10  0.215631  0.050980  0.084104
  1.30  0.110570  0.023209  0.036068
  1.50  0.050032  0.011015  0.015939
  1.70  0.019825  0.005521  0.007187
  1.90  0.011294  0.003037  0.003575
  2.25  0.004157  0.000919  0.001142
  3.00  0.000554  0.000135  0.000135
  4.25  0.000044  0.000018  0.000009
  ---------------------------------------------
  centrality bin 40-60%
        p_T         y   dy_stat   dy_syst
  0.50  2.064060  0.615983  0.794669
  0.70  0.530987  0.141643  0.232527
  0.90  0.168944  0.047410  0.080196
  1.10  0.061616  0.018912  0.030895
  1.30  0.041359  0.009241  0.013852
  1.50  0.014628  0.004274  0.005990
  1.70  0.006184  0.002196  0.002790
  1.90  0.003108  0.001249  0.001383
  2.25  0.000850  0.000359  0.000435
  3.00  0.000095  0.000054  0.000052
  4.25  0.000008  0.000007  0.000003
  ---------------------------------------------
  centrality bin 60-92%
    p_T         y   dy_stat   dy_syst
  0.50  0.283798  0.126140  0.148048
  0.70  0.036460  0.025660  0.039574
  0.90  0.012077  0.008446  0.013316
  1.10  0.008213  0.003597  0.005268
  1.30  0.002898  0.001647  0.002167
  1.50  0.001267  0.000829  0.000971
  1.70  0.001107  0.000481  0.000490
  1.90  0.000137  0.000243  0.000222
  2.25  0.000045  0.000076  0.000074
  3.00  0.000025  0.000015  0.000011
  4.25  0.000007  0.000004  0.000001
  ---------------------------------------------
